Atributo: 0
Atributo: 4
Atributo: 6
Atributo: 8
Atributo: 15
Atributo: 20
Atributo: 24
Atributo: 30
Atributo: 34
Atributo: 37
Atributo: 38
Atributo: 40
Atributo: 41
Atributo: 51
Atributo: 54
Atributo: 55
Atributo: 56
Atributo: 58
Atributo: 59
Atributo: 60
Atributo: 61
Atributo: 62
Atributo: 63
Atributo: 67
Atributo: 74
Atributo: 76
Numero total de atributos: 26
Merit da CFS do melhor set: 0,127962
 Best evolution: 
0,116613
0,119072
0,123571
0,123571
0,123571
0,123571
0,123571
0,123571
0,123571
0,123571
0,123571
0,123571
0,123571
0,123571
0,123571
0,123571
0,123571
0,123571
0,123571
0,123571
0,123571
0,123571
0,123571
0,123571
0,123571
0,123571
0,123571
0,123571
0,123571
0,123571
0,123571
0,123571
0,123571
0,123571
0,123571
0,123571
0,123571
0,123571
0,123571
0,123571
0,123571
0,123571
0,123571
0,123571
0,123571
0,123571
0,123571
0,123571
0,123571
0,123571
0,123571
0,123571
0,123571
0,123571
0,123571
0,123571
0,123571
0,123571
0,123571
0,123571
0,123905
0,124439
0,124667
0,124667
0,124667
0,124667
0,124667
0,124667
0,124667
0,124667
0,124667
0,124667
0,124667
0,124667
0,124667
0,124845
0,124845
0,127962
0,127962
0,127962
0,127962
0,127962
0,127962
0,127962
0,127962
0,127962
0,127962
0,127962
0,127962
0,127962
0,127962
0,127962
0,127962
0,127962
0,127962
0,127962
0,127962
0,127962
0,127962
0,127962
Best attribute evolution: 
38
37
30
28
33
35
35
32
33
33
34
37
34
33
34
37
29
36
32
37
37
36
32
30
31
34
32
31
30
34
25
25
28
23
27
28
29
30
22
24
25
30
34
32
33
31
28
25
24
26
22
23
28
28
30
30
30
36
28
29
26
23
25
26
29
27
24
29
24
27
24
26
26
23
27
28
31
30
26
25
25
25
24
22
21
28
28
29
28
29
33
32
29
28
29
27
28
29
30
31
30
Worse attribute evolution: 
45
31
32
25
32
32
31
37
36
32
37
44
39
36
36
40
34
40
38
40
46
35
26
40
39
44
31
43
40
42
36
36
42
43
42
35
36
36
37
37
39
36
37
40
38
44
40
33
36
38
37
36
35
40
43
36
37
37
36
37
32
39
40
43
37
37
34
34
30
34
29
33
37
32
37
36
43
35
35
36
39
35
35
43
36
28
37
37
35
34
27
25
31
32
31
29
34
35
30
31
31
Average attribute evolution: 
38,398
38,256
38,146
38,156
38,274
38,332
38,38
38,42
38,41
38,288
38,328
38,282
37,928
37,97
38,08
38,314
38,312
38,79
39,154
39,516
39,566
39,692
39,856
40,126
40,152
39,898
39,944
39,982
39,384
39,594
39,658
39,618
39,756
39,594
39,426
39,052
38,934
39,008
39,2
39,02
38,63
38,738
38,8
38,81
38,494
38,272
37,988
37,636
37,41
37,534
37,29
37,396
37,47
37,552
37,5
37,784
37,438
37,116
36,93
36,564
36,616
36,546
36,246
36,26
36,202
36,36
36,208
36,294
36,384
36,266
36,214
36,2
36,276
36,11
36,188
35,946
35,798
35,68
35,462
35,134
35,282
35,404
35,582
35,604
35,382
35,61
35,612
35,742
35,54
35,802
35,608
35,74
35,56
35,118
35,306
35,502
35,246
35,176
35,082
34,716
34,41

