Atributo: 0
Atributo: 19
Atributo: 20
Atributo: 23
Atributo: 26
Atributo: 28
Atributo: 35
Atributo: 36
Atributo: 51
Atributo: 52
Atributo: 54
Atributo: 55
Atributo: 58
Atributo: 62
Atributo: 63
Atributo: 64
Atributo: 73
Atributo: 76
Numero total de atributos: 18
Merit da CFS do melhor set: 0.137167
 Best evolution: 
0.116843
0.119218
0.123386
0.123386
0.123386
0.123386
0.123386
0.123386
0.123386
0.123386
0.123386
0.123386
0.123386
0.123386
0.123386
0.123386
0.123386
0.123386
0.123386
0.123386
0.123386
0.123386
0.123386
0.123386
0.123386
0.123386
0.123386
0.123386
0.123386
0.123386
0.123386
0.123386
0.123386
0.123386
0.123386
0.123386
0.123386
0.123386
0.123386
0.123386
0.123386
0.123386
0.123386
0.123386
0.123386
0.123386
0.123386
0.123386
0.123386
0.123386
0.123386
0.123386
0.123386
0.123386
0.123386
0.123386
0.123386
0.123386
0.123386
0.123386
0.123386
0.123386
0.123386
0.123386
0.123386
0.123386
0.123386
0.123386
0.123386
0.123386
0.123386
0.123386
0.123386
0.123386
0.126513
0.126513
0.129849
0.129849
0.129849
0.129849
0.129849
0.13017
0.13017
0.132918
0.137167
0.137167
0.137167
0.137167
0.137167
0.137167
0.137167
0.137167
0.137167
0.137167
0.137167
0.137167
0.137167
0.137167
0.137167
0.137167
Best attribute evolution: 
30
37
30
28
30
26
30
31
33
34
32
31
37
37
37
32
31
31
41
32
30
28
33
31
31
21
35
26
25
29
33
31
30
25
31
32
33
37
26
31
31
35
35
26
26
27
34
30
32
31
28
28
32
32
30
34
34
31
30
29
29
27
32
31
29
25
27
22
24
25
26
31
25
26
22
23
31
20
20
20
21
20
21
21
20
18
19
22
28
23
26
22
23
24
26
28
23
22
21
29
31
45
34
31
35
31
34
38
34
38
43
29
34
36
42
34
37
41
40
35
34
36
35
39
38
36
32
42
39
39
33
34
31
34
32
32
35
34
27
40
30
30
31
34
33
30
38
40
35
35
32
39
37
32
35
36
36
29
34
28
27
34
34
31
30
29
35
37
29
33
34
34
32
36
35
34
29
31
33
30
28
35
33
27
32
28
36
27
32
33
33
32
33
35
30
32
28
38
38
25
24
36
38.398
38.180
38.044
38.174
38.388
38.514
38.532
38.688
38.602
38.670
38.648
38.330
38.620
38.562
38.678
38.594
38.376
38.398
37.912
37.962
37.854
37.802
37.794
37.564
37.648
37.516
37.272
37.388
36.970
36.758
36.990
36.734
36.722
36.596
36.632
36.824
37.154
37.082
37.242
36.972
36.916
36.732
36.804
36.692
36.674
36.318
36.280
36.084
35.948
35.864
35.798
35.358
35.218
35.176
34.852
34.392
34.398
34.33
34.526
34.586
34.574
34.590
34.534
34.424
34.282
34.520
34.362
34.206
34.080
34.090
33.884
33.828
33.784
33.618
33.172
32.840
33.002
32.882
32.834
33.074
33.092
33.118
32.914
32.974
32.854
32.776
33.034
33.054
33.392
33.308
33.474
33.396
33.452
33.088
32.806
32.910
33.126
32.780
32.772
32.682
32.432

