Atributo: 0
Atributo: 1
Atributo: 3
Atributo: 17
Atributo: 19
Atributo: 20
Atributo: 22
Atributo: 23
Atributo: 26
Atributo: 28
Atributo: 34
Atributo: 35
Atributo: 38
Atributo: 41
Atributo: 42
Atributo: 47
Atributo: 52
Atributo: 53
Atributo: 54
Atributo: 57
Atributo: 59
Atributo: 61
Atributo: 63
Atributo: 64
Atributo: 65
Atributo: 67
Atributo: 73
Atributo: 76
Numero total de atributos: 28
Merit da CFS do melhor set: 0,122623
 Best evolution: 
0,115201
0,118239
0,122623
0,122623
0,122623
0,122623
0,122623
0,122623
0,122623
0,122623
0,122623
0,122623
0,122623
0,122623
0,122623
0,122623
0,122623
0,122623
0,122623
0,122623
0,122623
0,122623
0,122623
0,122623
0,122623
0,122623
0,122623
0,122623
0,122623
0,122623
0,122623
0,122623
0,122623
0,122623
0,122623
0,122623
0,122623
0,122623
0,122623
0,122623
0,122623
0,122623
0,122623
0,122623
0,122623
0,122623
0,122623
0,122623
0,122623
0,122623
0,122623
0,122623
0,122623
0,122623
0,122623
0,122623
0,122623
0,122623
0,122623
0,122623
0,122623
0,122623
0,122623
0,122623
0,122623
0,122623
0,122623
0,122623
0,122623
0,122623
0,122623
0,122623
0,122623
0,122623
0,122623
0,122623
0,122623
0,122623
0,122623
0,122623
0,122623
0,122623
0,122623
0,122623
0,122623
0,122623
0,122623
0,122623
0,122623
0,122623
0,122623
0,122623
0,122623
0,122623
0,122623
0,122623
0,122623
0,122623
0,122623
0,122623
Best attribute evolution: 
30
31
30
28
31
34
33
29
34
29
29
33
36
40
33
36
37
36
35
28
27
34
37
28
25
31
31
31
35
29
29
30
33
33
36
36
36
36
35
31
31
35
36
35
24
24
22
34
27
36
30
30
28
30
32
33
30
29
29
29
29
29
38
31
32
28
30
35
31
34
35
35
31
33
26
34
32
31
31
32
36
28
35
37
31
31
31
30
27
31
32
31
31
39
34
29
26
36
28
33
25
Worse attribute evolution: 
45
35
34
29
32
37
30
37
36
37
33
43
34
41
38
32
38
40
31
37
42
36
35
38
38
36
38
37
40
37
43
37
37
45
35
35
27
41
34
34
29
35
34
33
40
41
35
40
35
41
37
35
37
35
37
31
37
37
36
42
43
37
41
41
41
39
37
37
37
38
43
32
33
35
34
39
29
30
30
29
42
42
45
44
44
39
36
41
39
39
47
37
42
43
38
32
31
38
41
40
36
Average attribute evolution: 
38,398
38,226
38,094
38,086
38,162
38,19
38,13
38,3
38,384
38,2
38,23
38,488
38,828
38,61
38,644
38,644
38,264
38,354
38,004
37,898
38,01
37,936
38,068
37,982
37,664
37,874
37,882
38,08
38,044
38,218
37,9
37,924
37,58
37,726
37,732
37,712
37,522
37,634
37,388
37,35
37,24
37,112
37,228
37,004
37,06
37,284
37,566
37,612
37,43
37,526
37,454
37,368
37,518
37,584
37,298
37,398
37,582
37,68
37,978
37,816
37,83
37,994
38,008
38,094
37,92
38,04
38,08
38,084
37,806
37,742
37,848
38
37,986
37,992
37,836
38,076
38,132
38,242
38,4
38,6
38,544
38,652
38,764
38,434
38,432
38,282
37,848
37,756
37,788
37,708
37,93
37,68
37,334
37,194
37,152
37,19
37,268
37,546
37,586
37,668
37,87

