Atributo: 0
Atributo: 2
Atributo: 4
Atributo: 6
Atributo: 15
Atributo: 20
Atributo: 21
Atributo: 22
Atributo: 23
Atributo: 24
Atributo: 34
Atributo: 36
Atributo: 38
Atributo: 39
Atributo: 43
Atributo: 46
Atributo: 47
Atributo: 51
Atributo: 52
Atributo: 54
Atributo: 57
Atributo: 58
Atributo: 60
Atributo: 61
Atributo: 63
Atributo: 65
Atributo: 66
Atributo: 76
Numero total de atributos: 28
Merit da CFS do melhor set: 0,12062
 Best evolution: 
0,114752
0,115555
0,118999
0,118999
0,118999
0,118999
0,118999
0,118999
0,118999
0,118999
0,118999
0,119506
0,119506
0,119506
0,119506
0,119506
0,119506
0,119506
0,119506
0,119506
0,119506
0,119506
0,119506
0,119506
0,119506
0,119506
0,119506
0,119506
0,119506
0,119506
0,119506
0,119506
0,119506
0,119506
0,119506
0,119506
0,119506
0,119506
0,119506
0,119506
0,119794
0,119794
0,119794
0,119794
0,119794
0,119794
0,119794
0,119794
0,119794
0,119794
0,119794
0,119794
0,119794
0,119794
0,119794
0,119794
0,119794
0,119794
0,119794
0,119794
0,119794
0,119794
0,119794
0,119794
0,119794
0,119794
0,119794
0,119794
0,119794
0,120259
0,120259
0,120259
0,120259
0,120259
0,120259
0,120259
0,120259
0,120259
0,120259
0,120259
0,120259
0,120259
0,120259
0,120259
0,120259
0,120259
0,120259
0,120259
0,120259
0,120259
0,120259
0,120259
0,120259
0,12062
0,12062
0,12062
0,12062
0,12062
0,12062
0,12062
Best attribute evolution: 
26
34
30
28
33
31
33
32
33
32
24
28
29
29
39
30
38
33
33
33
30
28
34
36
27
33
33
36
34
35
34
35
33
33
38
34
28
37
37
38
36
27
28
34
32
33
26
37
34
34
34
29
33
32
34
33
30
28
29
29
27
32
30
33
36
35
32
29
29
27
25
28
39
27
32
35
32
33
27
29
30
35
33
30
30
32
35
33
33
32
32
31
32
31
28
31
29
34
35
40
27
Worse attribute evolution: 
45
41
34
31
32
31
33
37
36
39
41
37
31
34
35
41
41
42
38
42
40
35
42
35
37
32
32
37
41
39
41
41
33
34
34
39
35
38
43
43
43
39
46
37
39
39
38
40
36
38
39
40
41
35
34
36
36
37
43
33
42
42
35
36
41
42
42
39
36
38
42
35
39
39
41
35
37
37
37
34
34
37
37
38
40
34
33
36
35
36
43
34
39
42
41
39
38
45
40
37
39
Average attribute evolution: 
38,398
38,26
38,05
38,064
37,93
37,848
38,044
37,99
37,942
37,856
37,94
37,784
37,556
37,8
37,872
38,028
37,934
38,252
38,424
37,972
37,838
37,77
37,8
37,554
37,072
37,094
37,256
37,4
37,272
37,008
36,938
37,096
37,062
36,894
37
36,9
37,004
37,252
37,25
37,368
37,324
37,356
37,17
37,378
37,386
37,496
37,762
37,708
37,88
38,328
38,22
38,148
37,92
37,594
37,67
37,544
37,634
37,732
37,944
38,138
38,112
38,034
38,016
37,948
37,93
37,66
37,652
37,638
37,722
37,552
37,856
37,794
37,956
37,816
38,072
38,274
38,182
38,488
38,488
38,56
38,77
38,836
39,206
39,308
39,174
39,468
39,27
39,504
39,464
39,486
39,434
39,264
39,106
39,076
39,306
39,056
38,924
38,664
38,738
38,498
38,51

