Atributo: 1
Atributo: 5
Atributo: 18
Atributo: 19
Atributo: 22
Atributo: 23
Atributo: 27
Atributo: 30
Atributo: 33
Atributo: 34
Atributo: 36
Atributo: 38
Atributo: 41
Atributo: 52
Atributo: 55
Atributo: 58
Atributo: 59
Atributo: 62
Atributo: 64
Atributo: 66
Atributo: 67
Atributo: 68
Atributo: 70
Atributo: 73
Atributo: 75
Atributo: 76
Numero total de atributos: 26
Merit da CFS do melhor set: 0,122718
 Best evolution: 
0,115603
0,11794
0,122137
0,122137
0,122137
0,122137
0,122137
0,122137
0,122137
0,122137
0,122137
0,122137
0,122137
0,122137
0,122137
0,122137
0,122137
0,122137
0,122137
0,122137
0,122137
0,122137
0,122137
0,122137
0,122137
0,122137
0,122137
0,122137
0,122137
0,122137
0,122137
0,122137
0,122137
0,122137
0,122137
0,122137
0,122137
0,122137
0,122137
0,122137
0,122137
0,122137
0,122137
0,122137
0,122137
0,122137
0,122137
0,122137
0,122137
0,122137
0,122137
0,122137
0,122137
0,122137
0,122137
0,122137
0,122137
0,122137
0,122137
0,122137
0,122137
0,122137
0,122137
0,122137
0,122718
0,122718
0,122718
0,122718
0,122718
0,122718
0,122718
0,122718
0,122718
0,122718
0,122718
0,122718
0,122718
0,122718
0,122718
0,122718
0,122718
0,122718
0,122718
0,122718
0,122718
0,122718
0,122718
0,122718
0,122718
0,122718
0,122718
0,122718
0,122718
0,122718
0,122718
0,122718
0,122718
0,122718
0,122718
0,122718
Best attribute evolution: 
30
31
30
28
31
30
30
26
27
31
26
30
33
32
24
26
32
27
27
35
28
25
34
33
34
30
32
25
31
22
35
35
34
32
34
34
31
36
36
38
30
31
34
27
34
27
24
30
29
31
33
37
36
33
34
34
32
36
34
35
33
33
33
34
30
26
29
25
26
31
24
30
30
29
30
29
30
26
26
35
34
33
33
34
35
35
32
28
32
31
31
28
33
29
32
31
38
36
28
29
27
Worse attribute evolution: 
45
37
29
28
32
32
40
39
39
37
36
36
37
32
38
38
38
36
40
37
45
32
31
35
38
43
45
32
40
39
40
39
39
32
38
36
37
38
37
37
36
26
31
32
42
43
43
35
38
38
34
46
41
35
34
33
41
42
41
36
42
37
41
40
39
39
40
34
39
42
42
41
38
32
45
42
37
32
31
43
41
42
31
34
38
41
36
40
42
38
44
38
38
36
32
38
41
39
44
47
40
Average attribute evolution: 
38,398
38,262
38,19
38,19
38,31
38,354
38,53
38,79
38,678
38,848
38,8
38,972
39,564
39,496
39,49
39,394
39,418
39,02
39,166
39,316
39,3
39,316
39,064
39,024
39,046
38,9
38,982
38,814
38,78
38,98
38,924
39,014
39,24
39,344
39,386
39,428
39,084
39,146
39,268
39,016
38,884
39,308
39,134
38,74
39,146
39,508
38,972
39,082
39,13
38,88
38,36
38,42
38,538
38,626
38,754
38,898
38,882
39,102
39,08
38,754
38,798
38,85
38,708
38,416
38,424
38,284
38,414
38,12
38,048
38,36
38,248
38,286
38,24
38,322
38,508
38,23
38,302
38,528
38,568
38,92
39,33
39,264
39,228
39,014
39,22
39,29
39,18
38,982
38,774
38,854
39,04
39,184
39,3
38,982
38,612
38,426
38,324
38,48
38,482
38,3
38,474

